# The true covariance matrix for the data (for reference)
5.095705284982749994e-01 4.820602144540113154e-01 4.050983911620270050e-01 3.950382924759338610e-01 3.872272108442710858e-01 3.821410893634242800e-01 3.649778661101228394e-01 3.459863482669302548e-01 2.900103558162285822e-01 2.252178198857762159e-01 1.662975733236407017e-01 1.541023722388421002e-01 1.369467756392383495e-01 1.129598237359961121e-01 9.323410112034925812e-02 3.513248522170034360e-02 3.259040530323163709e-02 3.149654343203450030e-02 3.083216758350558126e-02 2.636730645448890145e-02 1.762589895880821780e-02 1.635962677682405511e-02 1.131472275602298828e-02 9.857059514269831194e-03 9.031143236320897036e-03 7.432430048327604358e-03 3.372212991620830453e-03 3.105562456271482048e-03 2.365432536243913635e-03 2.570922820899005355e-04 9.895475256085521426e-05 5.938716182221282820e-05 5.831533096565536049e-05 5.054196074304193525e-05 4.867349699003969813e-05 2.979983217499212095e-05 1.010023517858209693e-05 1.042562224700050662e-06 1.278900922775818341e-07 4.708537396803700778e-08 6.612380547894600803e-09 2.604563369248364002e-09 1.422066304827567804e-09 1.014158715434675662e-09 9.349246761655598886e-10 5.775690067544904201e-10 1.581017961099718578e-10 5.011083110147465005e-11 4.002318626780125665e-12 1.472949922681240538e-12
4.820602144540113154e-01 6.451087552383804047e-01 4.455456924048476486e-01 4.375943812920624620e-01 4.312547958768759848e-01 4.270550318259198619e-01 4.125016075461840903e-01 3.957817225873158096e-01 3.433360864662858281e-01 2.775802606260832084e-01 2.134015092274422210e-01 1.995806959135204284e-01 1.798060825046784716e-01 1.514644166088905120e-01 1.274928090950611936e-01 5.234015716245917632e-02 4.883892693709271371e-02 4.732457691789290766e-02 4.640244378766986838e-02 4.015614794670045729e-02 2.763717122248026542e-02 2.578532513686195710e-02 1.828343434842985560e-02 1.607198521937892172e-02 1.480842957516447650e-02 1.233798384199927961e-02 5.868636782876051304e-03 5.430043669224430929e-03 4.199549190404432142e-03 5.106171056683144784e-04 2.051888749060777899e-04 1.258882137134173496e-04 1.237119728289904957e-04 1.078729187395838408e-04 1.040500600190307965e-04 6.501565129762583006e-05 2.300923451602188323e-05 2.583550522364466006e-06 3.403930763996017496e-07 1.294339805726471322e-07 1.931305788474689130e-08 7.820324505334041843e-09 4.345555214712758140e-09 3.129288625924327632e-09 2.891512732781356385e-09 1.810854942877166701e-09 5.138486867264009776e-10 1.679957872118430415e-10 1.432738182520413643e-11 5.406536664186838762e-12
4.050983911620270050e-01 4.455456924048476486e-01 5.013673561502046683e-01 4.896178856391296130e-01 4.888264416924080202e-01 4.880952869750613821e-01 4.844699694002332357e-01 4.785578888716592316e-01 4.509946514325967049e-01 4.018059587742824346e-01 3.404958276416447105e-01 3.255955205408377351e-01 3.031827856288635825e-01 2.686888228752701280e-01 2.371331539548580392e-01 1.197113695015406404e-01 1.132973297137476743e-01 1.104864446170679693e-01 1.087635400407211267e-01 9.685439138805182480e-02 7.151507929831513177e-02 6.756505962424440292e-02 5.087461488601155435e-02 4.570280785073691648e-02 4.268542507022728832e-02 3.663670346482638535e-02 1.952961497157876952e-02 1.827611614922835040e-02 1.466486218125206964e-02 2.337272913490297775e-03 1.042110557425894894e-03 6.742930320475849261e-04 6.638763793126930017e-04 5.874040117844599391e-04 5.687616617928902213e-04 3.733101384814786327e-04 1.466339310389850475e-04 2.017084773541227900e-05 3.157584657818554205e-06 1.297916232987938051e-06 2.241719315776752442e-07 9.702881750338089353e-08 5.625285075465949724e-08 4.146800730956003918e-08 3.853245591760980367e-08 2.493999770086290944e-08 7.718502747034123048e-09 2.719524111247849972e-09 2.717057227084014415e-10 1.089163178296037061e-10
3.950382924759338610e-01 4.375943812920624620e-01 4.896178856391296130e-01 5.755877259971247106e-01 4.897831865032150622e-01 4.894178979439153254e-01 4.869817240457207097e-01 4.823084282653606336e-01 4.579518571684477179e-01 4.116087873516884321e-01 3.518924210909157857e-01 3.371709365094047173e-01 3.149017223803889376e-01 2.803600543924781863e-01 2.484972591529824304e-01 1.278195464927315284e-01 1.211264073287946497e-01 1.181895064114653893e-01 1.163882274695373781e-01 1.039131089961847360e-01 7.721725091909435734e-02 7.303517455244130929e-02 5.529353244615320406e-02 4.977028768327790981e-02 4.654156553405939395e-02 4.005403308802590184e-02 2.157273912179710415e-02 2.020884508772346003e-02 1.626987439269651087e-02 2.657425059496382365e-03 1.196063461923275052e-03 7.776453413066446076e-04 7.657617176947417465e-04 6.784508106669387808e-04 6.571468549794243349e-04 4.332482462689459467e-04 1.717918345033292546e-04 2.407011226707825470e-05 3.827274550877124620e-06 1.584326535555859472e-06 2.772894144649049472e-07 1.207464551231356123e-07 7.027272099768631998e-08 5.191302458576162856e-08 4.826255451197792472e-08 3.133113833960996105e-08 9.772955759321423068e-09 3.466801557456243409e-09 3.513664946518891010e-10 1.416221596686138214e-10
3.872272108442710858e-01 4.312547958768759848e-01 4.888264416924080202e-01 4.897831865032150622e-01 5.091477927235692480e-01 4.899115023469660657e-01 4.883787988151163106e-01 4.846531950564042512e-01 4.627857981369646878e-01 4.187182885856569059e-01 3.603560754263178678e-01 3.458040347704877115e-01 3.236929233085231172e-01 2.891863023802838661e-01 2.571498278494678824e-01 1.341489678423621046e-01 1.272473212600015446e-01 1.242160179242801921e-01 1.223559478412926949e-01 1.094545821424847548e-01 8.172615351496435865e-02 7.736602246648413561e-02 5.881289598991572970e-02 5.301657438553299129e-02 4.962320262395490678e-02 4.279274607886053572e-02 2.322762706786203959e-02 2.177594223197905701e-02 1.757562456903242337e-02 2.924190681350451442e-03 1.325496507950461216e-03 8.649320484662554286e-04 8.518231718391844082e-04 7.554526889861038364e-04 7.319220277899334166e-04 4.841685431691927191e-04 1.933531054868835276e-04 2.746892998246774201e-05 4.419370614421668152e-06 1.839174199075071692e-06 3.251212731540496185e-07 1.422201290577714094e-07 8.300996369523553581e-08 6.142051199542229762e-08 5.712332077243491852e-08 3.716683458142601150e-08 1.166208173602199187e-08 4.158109737238030189e-09 4.260066163759839056e-10 1.724159109617590872e-10
3.821410893634242800e-01 4.270550318259198619e-01 4.880952869750613821e-01 4.894178979439153254e-01 4.899115023469660657e-01 5.793546807611876792e-01 4.890467509872910568e-01 4.859318838784451589e-01 4.656847758778208668e-01 4.231281892632844932e-01 3.656997910094206272e-01 3.512717882543695547e-01 3.292845584007312865e-01 2.948331581593103823e-01 2.627127645134907374e-01 1.382914914080635993e-01 1.312577415506168410e-01 1.281665046936844576e-01 1.262690725030343186e-01 1.130960197731348954e-01 8.470425290913022320e-02 8.022906684145364453e-02 6.114925876413783434e-02 5.517486149796542449e-02 5.167391648619173300e-02 4.461891378880630116e-02 2.433941812446145311e-02 2.282952603393943042e-02 1.845558229258560320e-02 3.107026660643688772e-03 1.414768317091574844e-03 9.253277275329593182e-04 9.113777425885250666e-04 8.087847001726413288e-04 7.837236788245318005e-04 5.195480898016923343e-04 2.084268396905717671e-04 2.987355249028847737e-05 4.842484498305949253e-06 2.022109757654503005e-06 3.597459767076905115e-07 1.578240107173873623e-07 9.228797431483743215e-08 6.835518338464595407e-08 6.358834788563062546e-08 4.143271058368300370e-08 1.304986915311488578e-08 4.668122244614956708e-09 4.815686158398683799e-10 1.954171994710238093e-10
3.649778661101228394e-01 4.125016075461840903e-01 4.844699694002332357e-01 4.869817240457207097e-01 4.883787988151163106e-01 4.890467509872910568e-01 6.796763720984280166e-01 4.889105619661004987e-01 4.741257235210653009e-01 4.368259596294366554e-01 3.828353465976256365e-01 3.689018114606908982e-01 3.474488277875602549e-01 3.133641977219398522e-01 2.811235790690650438e-01 1.524264299174425130e-01 1.449673541954628886e-01 1.416824318789683124e-01 1.396640403235137051e-01 1.256067019574443611e-01 9.502552030625475987e-02 9.016666099581437110e-02 6.931691767218829681e-02 6.273915269889308866e-02 5.887251946540598274e-02 5.105124554699708161e-02 2.830598759001457659e-02 2.659313983928305453e-02 2.161171252616986282e-02 3.782031955768806047e-03 1.747936020948625277e-03 1.151971438170047669e-03 1.134908182044000978e-03 1.009261536696328884e-03 9.785247085576931347e-04 6.532682767361719899e-04 2.660104521858904121e-04 3.925084369491725264e-05 6.521435472496326441e-06 2.753718997832566662e-06 5.002668212732886438e-07 2.215749814609126418e-07 1.303553845341258160e-07 9.687468601235188252e-08 9.019130820780201955e-08 5.904434317094962142e-08 1.882927139834431848e-08 6.808000487605372484e-09 7.184081792670282929e-10 2.940565516603640255e-10
3.459863482669302548e-01 3.957817225873158096e-01 4.785578888716592316e-01 4.823084282653606336e-01 4.846531950564042512e-01 4.859318838784451589e-01 4.889105619661004987e-01 7.006197765638304542e-01 4.812419181246507804e-01 4.500186777552053208e-01 4.003162559565881518e-01 3.870593746683125280e-01 3.663966250079287446e-01 3.330286103082196747e-01 3.009372348362527871e-01 1.684130773543394688e-01 1.605192330786166799e-01 1.570349889917833919e-01 1.548917160629796896e-01 1.399127130599147617e-01 1.069932089910662770e-01 1.017173444406298949e-01 7.891874403923665460e-02 7.166749039205133620e-02 6.739044831790669265e-02 5.870374167184543718e-02 3.312134616126950065e-02 3.117113327292330566e-02 2.547528611807094862e-02 4.646612518083551371e-03 2.181942658738556841e-03 1.449752818554304531e-03 1.428687290871945336e-03 1.273360758771041514e-03 1.235304497448735201e-03 8.309255184809437702e-04 3.437924582437160213e-04 5.232820737070841189e-05 8.926545428711018133e-06 3.814471117470038711e-06 7.086563310424163123e-07 3.170902511452660973e-07 1.877628144312166637e-07 1.400381899004654502e-07 1.304887984154323182e-07 8.585709692278506575e-08 2.774575683900198708e-08 1.014738335345465737e-08 1.097037272822039783e-09 4.532058627630977742e-10
2.900103558162285822e-01 3.433360864662858281e-01 4.509946514325967049e-01 4.579518571684477179e-01 4.627857981369646878e-01 4.656847758778208668e-01 4.741257235210653009e-01 4.812419181246507804e-01 6.444777750636863090e-01 4.780017731373459866e-01 4.436257236558424633e-01 4.331032576490581598e-01 4.159202718459674708e-01 3.864892555582515876e-01 3.565236867837106027e-01 2.183186383215708071e-01 2.093734494123973555e-01 2.053982061092365641e-01 2.029446072101816489e-01 1.856167355814937192e-01 1.463571768155820241e-01 1.399020844465957425e-01 1.114223765646970704e-01 1.021458991124057497e-01 9.661958354924915504e-02 8.526108560477731191e-02 5.055242402029212767e-02 4.781133976431178878e-02 3.970659280316687911e-02 8.148255915275430181e-03 4.003420863885197474e-03 2.722342842258061897e-03 2.684970934531285321e-03 2.408344823292182021e-03 2.340268217366906975e-03 1.608262924140118656e-03 6.963211570055861206e-04 1.157834956902314413e-04 2.129102767989678944e-05 9.411891642441372360e-06 1.863564781372757255e-06 8.584138984922471889e-07 5.177811541516408928e-07 3.901315983289457082e-07 3.644163226448178359e-07 2.432388144781472255e-07 8.163266708044300707e-08 3.084415194969561018e-08 3.572508466021025207e-09 1.515217407433922069e-09
2.252178198857762159e-01 2.775802606260832084e-01 4.018059587742824346e-01 4.116087873516884321e-01 4.187182885856569059e-01 4.231281892632844932e-01 4.368259596294366554e-01 4.500186777552053208e-01 4.780017731373459866e-01 6.528039748087171024e-01 4.779395119505818190e-01 4.719242306512959062e-01 4.609060713593622904e-01 4.395333411445677685e-01 4.153782056056476435e-01 2.826772827990770565e-01 2.730632460236361858e-01 2.687520975473363105e-01 2.660792465657898509e-01 2.469415505330440352e-01 2.018281775103050735e-01 1.941655614313491929e-01 1.594567064929607592e-01 1.478106929682853898e-01 1.407864815148048288e-01 1.261344265355816285e-01 7.926642277533249570e-02 7.540362704674534455e-02 6.381020678354182296e-02 1.503496187876721644e-02 7.789659034466754096e-03 5.442841810339917041e-03 5.373249355834148686e-03 4.855764255668052094e-03 4.727743110637439711e-03 3.331599219560986772e-03 1.521330255324859120e-03 2.805942741061261472e-04 5.634464293868779813e-05 2.591803159083559070e-05 5.529758486909500303e-06 2.635341214415341966e-06 1.624398137356758398e-06 1.238650692026086245e-06 1.160321277731637761e-06 7.876258608405481521e-07 2.763067023602878644e-07 1.084655106289401837e-07 1.362029201866271264e-08 5.957801666584905057e-09
1.662975733236407017e-01 2.134015092274422210e-01 3.404958276416447105e-01 3.518924210909157857e-01 3.603560754263178678e-01 3.656997910094206272e-01 3.828353465976256365e-01 4.003162559565881518e-01 4.436257236558424633e-01 4.779395119505818190e-01 5.951464109035440320e-01 4.893650541764035800e-01 4.860868024038838553e-01 4.757456288253330556e-01 4.606331164104992548e-01 3.484716265087133280e-01 3.390701449929388045e-01 3.348077100781948756e-01 3.321506946027789065e-01 3.128084894418463602e-01 2.650316864595028687e-01 2.566112792008167220e-01 2.173219722309398805e-01 2.037013365260642306e-01 1.953744449173824560e-01 1.777234381775183725e-01 1.183943865937613915e-01 1.132803896817784761e-01 9.768778953061235670e-02 2.643747990995829952e-02 1.444595233647535254e-02 1.037241978277328620e-02 1.024960119421270723e-02 9.332061445707251490e-03 9.103856537874790295e-03 6.579007338624353815e-03 3.168910604857348712e-03 6.484875496861117325e-04 1.422327538659235466e-04 6.808687509252993189e-05 1.565630344803099901e-05 7.720352665591796875e-06 4.863216206939057997e-06 3.753056000485297111e-06 3.525822333292678466e-06 2.434041398230176060e-06 8.926685607116797588e-07 3.641039697983309707e-07 4.958000519241420414e-08 2.236862463595722303e-08
1.541023722388421002e-01 1.995806959135204284e-01 3.255955205408377351e-01 3.371709365094047173e-01 3.458040347704877115e-01 3.512717882543695547e-01 3.689018114606908982e-01 3.870593746683125280e-01 4.331032576490581598e-01 4.719242306512959062e-01 4.893650541764035800e-01 5.732848639453809181e-01 4.885976579035457013e-01 4.810449873872543747e-01 4.683468407697389813e-01 3.629648086074917512e-01 3.537570619321839804e-01 3.495701173816434526e-01 3.469563772673401325e-01 3.278453329467153621e-01 2.800617910973162705e-01 2.715611520951629054e-01 2.316020233773016523e-01 2.176374718422810217e-01 2.090721261420750710e-01 1.908444447199743321e-01 1.288379766377195090e-01 1.234361816925620553e-01 1.069044125909078963e-01 2.986067837576968087e-02 1.651570814595746534e-02 1.193242660569935817e-02 1.179371023280719952e-02 1.075628764560151128e-02 1.049794903116735290e-02 7.630165414978139909e-03 3.720237656106522781e-03 7.795751188571679391e-04 1.744607394045772860e-04 8.427735903829169819e-05 1.971310164867014900e-05 9.796764932998484353e-06 6.201836312460586945e-06 4.799202257521760194e-06 4.511579764673893484e-06 3.126563125589394132e-06 1.158323134463269052e-06 4.766058216096611873e-07 6.610990558160121096e-08 3.003746981390788438e-08
1.369467756392383495e-01 1.798060825046784716e-01 3.031827856288635825e-01 3.149017223803889376e-01 3.236929233085231172e-01 3.292845584007312865e-01 3.474488277875602549e-01 3.663966250079287446e-01 4.159202718459674708e-01 4.609060713593622904e-01 4.860868024038838553e-01 4.885976579035457013e-01 5.141825039046057366e-01 4.866942562047952836e-01 4.777586446443462531e-01 3.837896206636796093e-01 3.749747163790636550e-01 3.709469454359212159e-01 3.684266144921981567e-01 3.498662152253229629e-01 3.025435445646974530e-01 2.939997664509647612e-01 2.533678140451096072e-01 2.389900212356503018e-01 2.301261456659035587e-01 2.111489860940221341e-01 1.453930307727659132e-01 1.395715746482572572e-01 1.216540954982685413e-01 3.561516034254220975e-02 2.005716450131193873e-02 1.462553558757388739e-02 1.446020330827370824e-02 1.322173677928790807e-02 1.291276758922642667e-02 9.465803621912700222e-03 4.699532704377692646e-03 1.020113921557508048e-03 2.352258038516884860e-04 1.151780861158427697e-04 2.763393333659805570e-05 1.389297554083207901e-05 8.859945991535778136e-06 6.884065442049137735e-06 6.477793709679964162e-06 4.514919596136013271e-06 1.698065684991154040e-06 7.078241276027887569e-07 1.009171612227706095e-07 4.633586635075432755e-08
1.129598237359961121e-01 1.514644166088905120e-01 2.686888228752701280e-01 2.803600543924781863e-01 2.891863023802838661e-01 2.948331581593103823e-01 3.133641977219398522e-01 3.330286103082196747e-01 3.864892555582515876e-01 4.395333411445677685e-01 4.757456288253330556e-01 4.810449873872543747e-01 4.866942562047952836e-01 5.089845555781598030e-01 4.871196237963958398e-01 4.135007503478025925e-01 4.055334332562682831e-01 4.018603301364911951e-01 3.995519637446859340e-01 3.823306187229950637e-01 3.368773713318420904e-01 3.284609456640974479e-01 2.876403053776162566e-01 2.728939363565346943e-01 2.637262765233685524e-01 2.439037302655126804e-01 1.731310220259755783e-01 1.667024518761177909e-01 1.467367723657522771e-01 4.617481786264674565e-02 2.673525083069501138e-02 1.977380733746897032e-02 1.956003016598087396e-02 1.795467178688416390e-02 1.755303028022853554e-02 1.303736758510278503e-02 6.655296745692902173e-03 1.525055053545217726e-03 3.682099614372327627e-04 1.840790327989317535e-04 4.592263222271052251e-05 2.350183406466360196e-05 1.515837667249147274e-05 1.185166581380843190e-05 1.116891265554901517e-05 7.853294153636026999e-06 3.022806134978116489e-06 1.285437424677091272e-06 1.911740761720657166e-07 8.920358351784265026e-08
9.323410112034925812e-02 1.274928090950611936e-01 2.371331539548580392e-01 2.484972591529824304e-01 2.571498278494678824e-01 2.627127645134907374e-01 2.811235790690650438e-01 3.009372348362527871e-01 3.565236867837106027e-01 4.153782056056476435e-01 4.606331164104992548e-01 4.683468407697389813e-01 4.777586446443462531e-01 4.871196237963958398e-01 7.174360283239551439e-01 4.379187667642300275e-01 4.309986753167562301e-01 4.277733808928612658e-01 4.257358172357345594e-01 4.102981089566209438e-01 3.679046691302652050e-01 3.598346824479828898e-01 3.198643518417800813e-01 3.051109975586673295e-01 2.958596043639692419e-01 2.756531375993999666e-01 2.012982269102186472e-01 1.943717088535776572e-01 1.726682089345411286e-01 5.812237301025001412e-02 3.453526648638873681e-02 2.588339084378468713e-02 2.561548212406521488e-02 2.359887247307390981e-02 2.309298439978597212e-02 1.736349066611819064e-02 9.096795821740263910e-03 2.192604349152398307e-03 5.525996994601602283e-04 2.816702183010347249e-04 7.287549133769769666e-05 3.791956775712965460e-05 2.471731764533406813e-05 1.943836502163387304e-05 1.834413575354268029e-05 1.300473211462610431e-05 5.114964744139747050e-06 2.216023185153143318e-06 3.428203242591536537e-07 1.623878534442970579e-07
3.513248522170034360e-02 5.234015716245917632e-02 1.197113695015406404e-01 1.278195464927315284e-01 1.341489678423621046e-01 1.382914914080635993e-01 1.524264299174425130e-01 1.684130773543394688e-01 2.183186383215708071e-01 2.826772827990770565e-01 3.484716265087133280e-01 3.629648086074917512e-01 3.837896206636796093e-01 4.135007503478025925e-01 4.379187667642300275e-01 5.136051560948816652e-01 4.897415082534923858e-01 4.894567077851989523e-01 4.892271881413733925e-01 4.863798179311399350e-01 4.707653828109647498e-01 4.667576761781440653e-01 4.429125882254708046e-01 4.325739576417402810e-01 4.256948890454481660e-01 4.096374109032600574e-01 3.385833264234789919e-01 3.309871733032049845e-01 3.060388909337046215e-01 1.382519119695682086e-01 9.197373654144740118e-02 7.303577001007909020e-02 7.242683154208265361e-02 6.779372630781844988e-02 6.661722303671735457e-02 5.284037071670731611e-02 3.100535426282744964e-02 9.318667883078526198e-03 2.832592281896319751e-03 1.571378535401522607e-03 4.766284025044326069e-04 2.666401816775448158e-04 1.820075984217862258e-04 1.468252483565299533e-04 1.394068269563020332e-04 1.024340409383390788e-04 4.427401106562614091e-05 2.080674564046485904e-05 3.823080028700507948e-06 1.933859963457911892e-06
3.259040530323163709e-02 4.883892693709271371e-02 1.132973297137476743e-01 1.211264073287946497e-01 1.272473212600015446e-01 1.312577415506168410e-01 1.449673541954628886e-01 1.605192330786166799e-01 2.093734494123973555e-01 2.730632460236361858e-01 3.390701449929388045e-01 3.537570619321839804e-01 3.749747163790636550e-01 4.055334332562682831e-01 4.309986753167562301e-01 4.897415082534923858e-01 6.141010723379782821e-01 4.899476533037738224e-01 4.898624108232371155e-01 4.880502733428801476e-01 4.748627702518916083e-01 4.712601206726613201e-01 4.491908386483783877e-01 4.394157783467196876e-01 4.328655074375001854e-01 4.174602758245063439e-01 3.479902185746364118e-01 3.404704437839405906e-01 3.156721505688866447e-01 1.455076700320419858e-01 9.755316138330892561e-02 7.777393006251914764e-02 7.713622732528244152e-02 7.228053023570300828e-02 7.104642967030362632e-02 5.656045799449852668e-02 3.344695274412785857e-02 1.020567094295841623e-02 3.142305522627226837e-03 1.753333804254397169e-03 5.376454739054357338e-04 3.022718829116001200e-04 2.069826616923136308e-04 1.672640451065504695e-04 1.588792559893411423e-04 1.170289892719215475e-04 5.091023005579551166e-05 2.405918578091102508e-05 4.473116312255246904e-06 2.272879944903768025e-06
3.149654343203450030e-02 4.732457691789290766e-02 1.104864446170679693e-01 1.181895064114653893e-01 1.242160179242801921e-01 1.281665046936844576e-01 1.416824318789683124e-01 1.570349889917833919e-01 2.053982061092365641e-01 2.687520975473363105e-01 3.348077100781948756e-01 3.495701173816434526e-01 3.709469454359212159e-01 4.018603301364911951e-01 4.277733808928612658e-01 4.894567077851989523e-01 4.899476533037738224e-01 6.166130582009867744e-01 4.899797920659861306e-01 4.886355339530014108e-01 4.765539621765139122e-01 4.731372772088394685e-01 4.518891691871552152e-01 4.423772123747735652e-01 4.359811720627285170e-01 4.208839087302881921e-01 3.521865198281224907e-01 3.447070355553398247e-01 3.199949191372581381e-01 1.488442823109528412e-01 1.001384209669109043e-01 7.997749222103803235e-02 7.932669166565131658e-02 7.436953610035433593e-02 7.310915342153768981e-02 5.829864373966988506e-02 3.459550864597187719e-02 1.062820726185575819e-02 3.291365595304586531e-03 1.841306040754445627e-03 5.673965799358100543e-04 3.197117694689076742e-04 2.192362272434616099e-04 1.773053133470743321e-04 1.684488040755908295e-04 1.242149432118403514e-04 5.419366368687887950e-05 2.567518285792127645e-05 4.798954477341820208e-06 2.443388151869518794e-06
3.083216758350558126e-02 4.640244378766986838e-02 1.087635400407211267e-01 1.163882274695373781e-01 1.223559478412926949e-01 1.262690725030343186e-01 1.396640403235137051e-01 1.548917160629796896e-01 2.029446072101816489e-01 2.660792465657898509e-01 3.321506946027789065e-01 3.469563772673401325e-01 3.684266144921981567e-01 3.995519637446859340e-01 4.257358172357345594e-01 4.892271881413733925e-01 4.898624108232371155e-01 4.899797920659861306e-01 5.647453258546860644e-01 4.889468932015912372e-01 4.775563537075649956e-01 4.742562976949495357e-01 4.535250192133131741e-01 4.441794234837222466e-01 4.378811272275617839e-01 4.229796540629554569e-01 3.547809933515598257e-01 3.473284067592258273e-01 3.226757392042404193e-01 1.509395377421317019e-01 1.017681119395464767e-01 8.136916709990038576e-02 8.071018398301747776e-02 7.568961200203923323e-02 7.441279242151895013e-02 5.939900642568363837e-02 3.532509754356026599e-02 1.089832661611040213e-02 3.387154155048087509e-03 1.897969233780006423e-03 5.866416474201315533e-04 3.310149197878750680e-04 2.271877507184384823e-04 1.838256400365468831e-04 1.746638202242455432e-04 1.288863378077640873e-04 5.633344421521523451e-05 2.673055955535380679e-05 5.012709351173112385e-06 2.555434876909481734e-06
2.636730645448890145e-02 4.015614794670045729e-02 9.685439138805182480e-02 1.039131089961847360e-01 1.094545821424847548e-01 1.130960197731348954e-01 1.256067019574443611e-01 1.399127130599147617e-01 1.856167355814937192e-01 2.469415505330440352e-01 3.128084894418463602e-01 3.278453329467153621e-01 3.498662152253229629e-01 3.823306187229950637e-01 4.102981089566209438e-01 4.863798179311399350e-01 4.880502733428801476e-01 4.886355339530014108e-01 4.889468932015912372e-01 5.163538938183651616e-01 4.836731362082354879e-01 4.812375321631516267e-01 4.643787431813397593e-01 4.562972566468774249e-01 4.507467850088156536e-01 4.373573000355509000e-01 3.731814412501278655e-01 3.659659014649738751e-01 3.418789442866404515e-01 1.665665284920075095e-01 1.140740100961520481e-01 9.194112484031358168e-02 9.122216865583349099e-02 8.573601012650212960e-02 8.433829069035474191e-02 6.782185379725960694e-02 4.097173461481133649e-02 1.303235617647901905e-02 4.156795278842008966e-03 2.356677886223067751e-03 7.446284021380799971e-04 4.243927228135939162e-04 2.931407998453785168e-04 2.380273307398603612e-04 2.263548430831170807e-04 1.678596150377773466e-04 7.433164603186128404e-05 3.567001036841175899e-05 6.850248332472140040e-06 3.524078493626052720e-06
1.762589895880821780e-02 2.763717122248026542e-02 7.151507929831513177e-02 7.721725091909435734e-02 8.172615351496435865e-02 8.470425290913022320e-02 9.502552030625475987e-02 1.069932089910662770e-01 1.463571768155820241e-01 2.018281775103050735e-01 2.650316864595028687e-01 2.800617910973162705e-01 3.025435445646974530e-01 3.368773713318420904e-01 3.679046691302652050e-01 4.707653828109647498e-01 4.748627702518916083e-01 4.765539621765139122e-01 4.775563537075649956e-01 4.836731362082354879e-01 6.880637997728482613e-01 4.897975350064011635e-01 4.832537994892033284e-01 4.786705394682737036e-01 4.752273827121591965e-01 4.662022892137532848e-01 4.149066732958433534e-01 4.085933200556990386e-01 3.869328549259657968e-01 2.083533016174699826e-01 1.482818550179033079e-01 1.218853759919487634e-01 1.210158630141647956e-01 1.143542076841562588e-01 1.126493279178356899e-01 9.225094965066342467e-02 5.791938163268116335e-02 1.985899433261113095e-02 6.751003476348426194e-03 3.939248107535201458e-03 1.313826134338352434e-03 7.674786931741887702e-04 5.384991575496930272e-04 4.410566706846622670e-04 4.202978088572324722e-04 3.155032415941905265e-04 1.442653460915248797e-04 7.117119333956598254e-05 1.449161605425789050e-05 7.623539294295839351e-06
1.635962677682405511e-02 2.578532513686195710e-02 6.756505962424440292e-02 7.303517455244130929e-02 7.736602246648413561e-02 8.022906684145364453e-02 9.016666099581437110e-02 1.017173444406298949e-01 1.399020844465957425e-01 1.941655614313491929e-01 2.566112792008167220e-01 2.715611520951629054e-01 2.939997664509647612e-01 3.284609456640974479e-01 3.598346824479828898e-01 4.667576761781440653e-01 4.712601206726613201e-01 4.731372772088394685e-01 4.742562976949495357e-01 4.812375321631516267e-01 4.897975350064011635e-01 6.292920639065404664e-01 4.853721708594849193e-01 4.814574615727938434e-01 4.784223143611844864e-01 4.702565443731225314e-01 4.216701716042289827e-01 4.155643878311670592e-01 3.944909503738467382e-01 2.162469580737038932e-01 1.549578780182996607e-01 1.278204220980339034e-01 1.269242096726752034e-01 1.200529515932807489e-01 1.182929755434422581e-01 9.718729830457345509e-02 6.143947243880321790e-02 2.134977600820105528e-02 7.340736913961254384e-03 4.305408401634873081e-03 1.449862941244396772e-03 8.506746528717854363e-04 5.985447994692371298e-04 4.909941570465988381e-04 4.680578218168209427e-04 3.521191156809256890e-04 1.619317492776812465e-04 8.028167484615900205e-05 1.651810351817219389e-05 8.724285641940899823e-06
1.131472275602298828e-02 1.828343434842985560e-02 5.087461488601155435e-02 5.529353244615320406e-02 5.881289598991572970e-02 6.114925876413783434e-02 6.931691767218829681e-02 7.891874403923665460e-02 1.114223765646970704e-01 1.594567064929607592e-01 2.173219722309398805e-01 2.316020233773016523e-01 2.533678140451096072e-01 2.876403053776162566e-01 3.198643518417800813e-01 4.429125882254708046e-01 4.491908386483783877e-01 4.518891691871552152e-01 4.535250192133131741e-01 4.643787431813397593e-01 4.832537994892033284e-01 4.853721708594849193e-01 5.080320742258492839e-01 4.893931019118132886e-01 4.883983078188809945e-01 4.845882470906021644e-01 4.504450465409136073e-01 4.455153545146616212e-01 4.278718881968636700e-01 2.554785406168594286e-01 1.891814752387624976e-01 1.586949401718834862e-01 1.576753323850606514e-01 1.498296021969587888e-01 1.478118324945230655e-01 1.233411805983531534e-01 8.058404974463911907e-02 2.985707740043570813e-02 1.084032677092081759e-02 6.516303325447787842e-03 2.298169680578891934e-03 1.377088712384084935e-03 9.820069742298143372e-04 8.115329423553095710e-04 7.749937346309984740e-04 5.891268888128489874e-04 2.784550321317161140e-04 1.413528044554133057e-04 3.057459519668413690e-05 1.645961176742230007e-05
9.857059514269831194e-03 1.607198521937892172e-02 4.570280785073691648e-02 4.977028768327790981e-02 5.301657438553299129e-02 5.517486149796542449e-02 6.273915269889308866e-02 7.166749039205133620e-02 1.021458991124057497e-01 1.478106929682853898e-01 2.037013365260642306e-01 2.176374718422810217e-01 2.389900212356503018e-01 2.728939363565346943e-01 3.051109975586673295e-01 4.325739576417402810e-01 4.394157783467196876e-01 4.423772123747735652e-01 4.441794234837222466e-01 4.562972566468774249e-01 4.786705394682737036e-01 4.814574615727938434e-01 4.893931019118132886e-01 5.965637331816682210e-01 4.897625594067486765e-01 4.875925670530059652e-01 4.591714154008772475e-01 4.547344066690899855e-01 4.385657939754556978e-01 2.700803297528168723e-01 2.023814608571723184e-01 1.708018499434163506e-01 1.697406751362167399e-01 1.615639862895902890e-01 1.594578962709905234e-01 1.338085007480906974e-01 8.846951345750356244e-02 3.354728400310508230e-02 1.242220889254637937e-02 7.533883521950474928e-03 2.701793282147090056e-03 1.631308964654675300e-03 1.168939329734173908e-03 9.685996397137753341e-04 9.255804993632887412e-04 7.062501082745266693e-04 3.371371850943077138e-04 1.726098783994256796e-04 3.801619002466043217e-05 2.060739401358642424e-05
9.031143236320897036e-03 1.480842957516447650e-02 4.268542507022728832e-02 4.654156553405939395e-02 4.962320262395490678e-02 5.167391648619173300e-02 5.887251946540598274e-02 6.739044831790669265e-02 9.661958354924915504e-02 1.407864815148048288e-01 1.953744449173824560e-01 2.090721261420750710e-01 2.301261456659035587e-01 2.637262765233685524e-01 2.958596043639692419e-01 4.256948890454481660e-01 4.328655074375001854e-01 4.359811720627285170e-01 4.378811272275617839e-01 4.507467850088156536e-01 4.752273827121591965e-01 4.784223143611844864e-01 4.883983078188809945e-01 4.897625594067486765e-01 5.155775861961164885e-01 4.888646127808633501e-01 4.641292964317329517e-01 4.600165761072980142e-01 4.448281501859015497e-01 2.792810014864850476e-01 2.108346900469951490e-01 1.786130756791738938e-01 1.775270609972037505e-01 1.691517300853799533e-01 1.669923857234328346e-01 1.406240114651509110e-01 9.367030305253577771e-02 3.603797139029390334e-02 1.350972342879139081e-02 8.239126782780728520e-03 2.985725329940021322e-03 1.811341581304007700e-03 1.301881091280227476e-03 1.080561652726365210e-03 1.032983076693581729e-03 7.900583953643122020e-04 3.794876148536256081e-04 1.953333923474077720e-04 4.350974185648115255e-05 2.368723459654992821e-05
7.432430048327604358e-03 1.233798384199927961e-02 3.663670346482638535e-02 4.005403308802590184e-02 4.279274607886053572e-02 4.461891378880630116e-02 5.105124554699708161e-02 5.870374167184543718e-02 8.526108560477731191e-02 1.261344265355816285e-01 1.777234381775183725e-01 1.908444447199743321e-01 2.111489860940221341e-01 2.439037302655126804e-01 2.756531375993999666e-01 4.096374109032600574e-01 4.174602758245063439e-01 4.208839087302881921e-01 4.229796540629554569e-01 4.373573000355509000e-01 4.662022892137532848e-01 4.702565443731225314e-01 4.845882470906021644e-01 4.875925670530059652e-01 4.888646127808633501e-01 5.746703953412701793e-01 4.735598403228995501e-01 4.701954381033943142e-01 4.572937166974569423e-01 2.995031916728779220e-01 2.298015629426220507e-01 1.963054956043362997e-01 1.951688806798643760e-01 1.863863193140921914e-01 1.841170726510438505e-01 1.562404446305814820e-01 1.057810235329434689e-01 4.200850686426615965e-02 1.617767247870577352e-02 9.986961543870808561e-03 3.702749959496667853e-03 2.269841925148161944e-03 1.642267540664104838e-03 1.368075966104719942e-03 1.308983024171754550e-03 1.006317683254681194e-03 4.899583193316460602e-04 2.551604312052382808e-04 5.825841805101147539e-05 3.201731943994470597e-05
3.372212991620830453e-03 5.868636782876051304e-03 1.952961497157876952e-02 2.157273912179710415e-02 2.322762706786203959e-02 2.433941812446145311e-02 2.830598759001457659e-02 3.312134616126950065e-02 5.055242402029212767e-02 7.926642277533249570e-02 1.183943865937613915e-01 1.288379766377195090e-01 1.453930307727659132e-01 1.731310220259755783e-01 2.012982269102186472e-01 3.385833264234789919e-01 3.479902185746364118e-01 3.521865198281224907e-01 3.547809933515598257e-01 3.731814412501278655e-01 4.149066732958433534e-01 4.216701716042289827e-01 4.504450465409136073e-01 4.591714154008772475e-01 4.641292964317329517e-01 4.735598403228995501e-01 6.832264497502584799e-01 4.898344426857120792e-01 4.870207019303481322e-01 3.751134044949516744e-01 3.063075856605367298e-01 2.701325584471641061e-01 2.688694048243622792e-01 2.590288089436518226e-01 2.564629186319464238e-01 2.241411216080754221e-01 1.615325564080748733e-01 7.244505129279528444e-02 3.093392029190960082e-02 2.000846852723323424e-02 8.097709087490625665e-03 5.166217789507184313e-03 3.834043789590786070e-03 3.239026137146850618e-03 3.109541147576747218e-03 2.438204782779754450e-03 1.250456533702908306e-03 6.810660203702644227e-04 1.709661690519423286e-04 9.742177742876456778e-05
3.105562456271482048e-03 5.430043669224430929e-03 1.827611614922835040e-02 2.020884508772346003e-02 2.177594223197905701e-02 2.282952603393943042e-02 2.659313983928305453e-02 3.117113327292330566e-02 4.781133976431178878e-02 7.540362704674534455e-02 1.132803896817784761e-01 1.234361816925620553e-01 1.395715746482572572e-01 1.667024518761177909e-01 1.943717088535776572e-01 3.309871733032049845e-01 3.404704437839405906e-01 3.447070355553398247e-01 3.473284067592258273e-01 3.659659014649738751e-01 4.085933200556990386e-01 4.155643878311670592e-01 4.455153545146616212e-01 4.547344066690899855e-01 4.600165761072980142e-01 4.701954381033943142e-01 4.898344426857120792e-01 5.143540269829958156e-01 4.882560217991507856e-01 3.821810108662774819e-01 3.140185933702838716e-01 2.778124602738249460e-01 2.765442098549807382e-01 2.666549856481509884e-01 2.640738389652164675e-01 2.314705873107522904e-01 1.678546776061911050e-01 7.619703962142136688e-02 3.287207115937714613e-02 2.136102874575297392e-02 8.720824327864702685e-03 5.585904400016274488e-03 4.156004855681396000e-03 3.515924562729237472e-03 3.376497975497495720e-03 2.652732356655234519e-03 1.367534258151759195e-03 7.481624633431212734e-04 1.895894788049356855e-04 1.084237301137519970e-04
2.365432536243913635e-03 4.199549190404432142e-03 1.466486218125206964e-02 1.626987439269651087e-02 1.757562456903242337e-02 1.845558229258560320e-02 2.161171252616986282e-02 2.547528611807094862e-02 3.970659280316687911e-02 6.381020678354182296e-02 9.768778953061235670e-02 1.069044125909078963e-01 1.216540954982685413e-01 1.467367723657522771e-01 1.726682089345411286e-01 3.060388909337046215e-01 3.156721505688866447e-01 3.199949191372581381e-01 3.226757392042404193e-01 3.418789442866404515e-01 3.869328549259657968e-01 3.944909503738467382e-01 4.278718881968636700e-01 4.385657939754556978e-01 4.448281501859015497e-01 4.572937166974569423e-01 4.870207019303481322e-01 4.882560217991507856e-01 5.437406635216908146e-01 4.041808734801330405e-01 3.388467277975876768e-01 3.028817034844418221e-01 3.016081603369400455e-01 2.916470151000457034e-01 2.890382363182201764e-01 2.557774590781407564e-01 1.892636574937895666e-01 8.936028523553193881e-02 3.985928387013661783e-02 2.629503171116239629e-02 1.104359023079556044e-02 7.165571034958514302e-03 5.375272973644203839e-03 4.568070911842304384e-03 4.391683838006429398e-03 3.472393831386052284e-03 1.820415160458435525e-03 1.010462609602894588e-03 2.640266091638556389e-04 1.527702641580568001e-04
2.570922820899005355e-04 5.106171056683144784e-04 2.337272913490297775e-03 2.657425059496382365e-03 2.924190681350451442e-03 3.107026660643688772e-03 3.782031955768806047e-03 4.646612518083551371e-03 8.148255915275430181e-03 1.503496187876721644e-02 2.643747990995829952e-02 2.986067837576968087e-02 3.561516034254220975e-02 4.617481786264674565e-02 5.812237301025001412e-02 1.382519119695682086e-01 1.455076700320419858e-01 1.488442823109528412e-01 1.509395377421317019e-01 1.665665284920075095e-01 2.083533016174699826e-01 2.162469580737038932e-01 2.554785406168594286e-01 2.700803297528168723e-01 2.792810014864850476e-01 2.995031916728779220e-01 3.751134044949516744e-01 3.821810108662774819e-01 4.041808734801330405e-01 6.150539250651525514e-01 4.762771326180350040e-01 4.592007363908922057e-01 4.584878349637855899e-01 4.526640097018477249e-01 4.510665786901046359e-01 4.281001126269440293e-01 3.674327114403161954e-01 2.315875683445026145e-01 1.320155932957286227e-01 9.729627193355490367e-02 5.031869813670564184e-02 3.589678592947374153e-02 2.860348658245955369e-02 2.513155030708794091e-02 2.435458826860800036e-02 2.018094126604839944e-02 1.197025173443277621e-02 7.390795844894984187e-03 2.418923166149452610e-03 1.525286962566483164e-03
9.895475256085521426e-05 2.051888749060777899e-04 1.042110557425894894e-03 1.196063461923275052e-03 1.325496507950461216e-03 1.414768317091574844e-03 1.747936020948625277e-03 2.181942658738556841e-03 4.003420863885197474e-03 7.789659034466754096e-03 1.444595233647535254e-02 1.651570814595746534e-02 2.005716450131193873e-02 2.673525083069501138e-02 3.453526648638873681e-02 9.197373654144740118e-02 9.755316138330892561e-02 1.001384209669109043e-01 1.017681119395464767e-01 1.140740100961520481e-01 1.482818550179033079e-01 1.549578780182996607e-01 1.891814752387624976e-01 2.023814608571723184e-01 2.108346900469951490e-01 2.298015629426220507e-01 3.063075856605367298e-01 3.140185933702838716e-01 3.388467277975876768e-01 4.762771326180350040e-01 6.109310343726563897e-01 4.863683253894630076e-01 4.861096332300046119e-01 4.837847408136406457e-01 4.830876884487315115e-01 4.709840955507669236e-01 4.279420213430867870e-01 3.013774969214927935e-01 1.887715018271854672e-01 1.451752540400166880e-01 8.132921470328605129e-02 6.017164765036919771e-02 4.907087832371034852e-02 4.366980025140655003e-02 4.244953553009017666e-02 3.581415963275093317e-02 2.227470178328386230e-02 1.432714314617727566e-02 5.112768921578172455e-03 3.332169484513002478e-03
